0 409 270 307 181 430 222 265 309 281
409 0 192 251 104 307 137 183 225 197
270 192 0 184 116 265 164 162 222 181
307 251 184 0 123 242 123 180 184 166
181 104 116 123 0 181 197 111 143 124
430 307 265 242 181 0 229 222 260 252
222 137 164 123 197 229 0 140 117 166
265 183 162 180 111 222 140 0 162 152
309 225 222 184 143 260 117 162 0 193
281 197 181 166 124 252 166 152 193 0
